p cnf 110 1018
-11 -21  0
-11 -31  0
-11 -41  0
-11 -51  0
-11 -61  0
-11 -71  0
-11 -81  0
-11 -91  0
-11 -101  0
-21 -31  0
-21 -41  0
-21 -51  0
-21 -61  0
-21 -71  0
-21 -81  0
-21 -91  0
-21 -101  0
-31 -41  0
-31 -51  0
-31 -61  0
-31 -71  0
-31 -81  0
-31 -91  0
-31 -101  0
-41 -51  0
-41 -61  0
-41 -71  0
-41 -81  0
-41 -91  0
-41 -101  0
-51 -61  0
-51 -71  0
-51 -81  0
-51 -91  0
-51 -101  0
-61 -71  0
-61 -81  0
-61 -91  0
-61 -101  0
-71 -81  0
-71 -91  0
-71 -101  0
-81 -91  0
-81 -101  0
-91 -101  0
-12 -22  0
-12 -32  0
-12 -42  0
-12 -52  0
-12 -62  0
-12 -72  0
-12 -82  0
-12 -92  0
-12 -102  0
-22 -32  0
-22 -42  0
-22 -52  0
-22 -62  0
-22 -72  0
-22 -82  0
-22 -92  0
-22 -102  0
-32 -42  0
-32 -52  0
-32 -62  0
-32 -72  0
-32 -82  0
-32 -92  0
-32 -102  0
-42 -52  0
-42 -62  0
-42 -72  0
-42 -82  0
-42 -92  0
-42 -102  0
-52 -62  0
-52 -72  0
-52 -82  0
-52 -92  0
-52 -102  0
-62 -72  0
-62 -82  0
-62 -92  0
-62 -102  0
-72 -82  0
-72 -92  0
-72 -102  0
-82 -92  0
-82 -102  0
-92 -102  0
-13 -23  0
-13 -33  0
-13 -43  0
-13 -53  0
-13 -63  0
-13 -73  0
-13 -83  0
-13 -93  0
-13 -103  0
-23 -33  0
-23 -43  0
-23 -53  0
-23 -63  0
-23 -73  0
-23 -83  0
-23 -93  0
-23 -103  0
-33 -43  0
-33 -53  0
-33 -63  0
-33 -73  0
-33 -83  0
-33 -93  0
-33 -103  0
-43 -53  0
-43 -63  0
-43 -73  0
-43 -83  0
-43 -93  0
-43 -103  0
-53 -63  0
-53 -73  0
-53 -83  0
-53 -93  0
-53 -103  0
-63 -73  0
-63 -83  0
-63 -93  0
-63 -103  0
-73 -83  0
-73 -93  0
-73 -103  0
-83 -93  0
-83 -103  0
-93 -103  0
-14 -24  0
-14 -34  0
-14 -44  0
-14 -54  0
-14 -64  0
-14 -74  0
-14 -84  0
-14 -94  0
-14 -104  0
-24 -34  0
-24 -44  0
-24 -54  0
-24 -64  0
-24 -74  0
-24 -84  0
-24 -94  0
-24 -104  0
-34 -44  0
-34 -54  0
-34 -64  0
-34 -74  0
-34 -84  0
-34 -94  0
-34 -104  0
-44 -54  0
-44 -64  0
-44 -74  0
-44 -84  0
-44 -94  0
-44 -104  0
-54 -64  0
-54 -74  0
-54 -84  0
-54 -94  0
-54 -104  0
-64 -74  0
-64 -84  0
-64 -94  0
-64 -104  0
-74 -84  0
-74 -94  0
-74 -104  0
-84 -94  0
-84 -104  0
-94 -104  0
-15 -25  0
-15 -35  0
-15 -45  0
-15 -55  0
-15 -65  0
-15 -75  0
-15 -85  0
-15 -95  0
-15 -105  0
-25 -35  0
-25 -45  0
-25 -55  0
-25 -65  0
-25 -75  0
-25 -85  0
-25 -95  0
-25 -105  0
-35 -45  0
-35 -55  0
-35 -65  0
-35 -75  0
-35 -85  0
-35 -95  0
-35 -105  0
-45 -55  0
-45 -65  0
-45 -75  0
-45 -85  0
-45 -95  0
-45 -105  0
-55 -65  0
-55 -75  0
-55 -85  0
-55 -95  0
-55 -105  0
-65 -75  0
-65 -85  0
-65 -95  0
-65 -105  0
-75 -85  0
-75 -95  0
-75 -105  0
-85 -95  0
-85 -105  0
-95 -105  0
-16 -26  0
-16 -36  0
-16 -46  0
-16 -56  0
-16 -66  0
-16 -76  0
-16 -86  0
-16 -96  0
-16 -106  0
-26 -36  0
-26 -46  0
-26 -56  0
-26 -66  0
-26 -76  0
-26 -86  0
-26 -96  0
-26 -106  0
-36 -46  0
-36 -56  0
-36 -66  0
-36 -76  0
-36 -86  0
-36 -96  0
-36 -106  0
-46 -56  0
-46 -66  0
-46 -76  0
-46 -86  0
-46 -96  0
-46 -106  0
-56 -66  0
-56 -76  0
-56 -86  0
-56 -96  0
-56 -106  0
-66 -76  0
-66 -86  0
-66 -96  0
-66 -106  0
-76 -86  0
-76 -96  0
-76 -106  0
-86 -96  0
-86 -106  0
-96 -106  0
-17 -27  0
-17 -37  0
-17 -47  0
-17 -57  0
-17 -67  0
-17 -77  0
-17 -87  0
-17 -97  0
-17 -107  0
-27 -37  0
-27 -47  0
-27 -57  0
-27 -67  0
-27 -77  0
-27 -87  0
-27 -97  0
-27 -107  0
-37 -47  0
-37 -57  0
-37 -67  0
-37 -77  0
-37 -87  0
-37 -97  0
-37 -107  0
-47 -57  0
-47 -67  0
-47 -77  0
-47 -87  0
-47 -97  0
-47 -107  0
-57 -67  0
-57 -77  0
-57 -87  0
-57 -97  0
-57 -107  0
-67 -77  0
-67 -87  0
-67 -97  0
-67 -107  0
-77 -87  0
-77 -97  0
-77 -107  0
-87 -97  0
-87 -107  0
-97 -107  0
-18 -28  0
-18 -38  0
-18 -48  0
-18 -58  0
-18 -68  0
-18 -78  0
-18 -88  0
-18 -98  0
-18 -108  0
-28 -38  0
-28 -48  0
-28 -58  0
-28 -68  0
-28 -78  0
-28 -88  0
-28 -98  0
-28 -108  0
-38 -48  0
-38 -58  0
-38 -68  0
-38 -78  0
-38 -88  0
-38 -98  0
-38 -108  0
-48 -58  0
-48 -68  0
-48 -78  0
-48 -88  0
-48 -98  0
-48 -108  0
-58 -68  0
-58 -78  0
-58 -88  0
-58 -98  0
-58 -108  0
-68 -78  0
-68 -88  0
-68 -98  0
-68 -108  0
-78 -88  0
-78 -98  0
-78 -108  0
-88 -98  0
-88 -108  0
-98 -108  0
-19 -29  0
-19 -39  0
-19 -49  0
-19 -59  0
-19 -69  0
-19 -79  0
-19 -89  0
-19 -99  0
-19 -109  0
-29 -39  0
-29 -49  0
-29 -59  0
-29 -69  0
-29 -79  0
-29 -89  0
-29 -99  0
-29 -109  0
-39 -49  0
-39 -59  0
-39 -69  0
-39 -79  0
-39 -89  0
-39 -99  0
-39 -109  0
-49 -59  0
-49 -69  0
-49 -79  0
-49 -89  0
-49 -99  0
-49 -109  0
-59 -69  0
-59 -79  0
-59 -89  0
-59 -99  0
-59 -109  0
-69 -79  0
-69 -89  0
-69 -99  0
-69 -109  0
-79 -89  0
-79 -99  0
-79 -109  0
-89 -99  0
-89 -109  0
-99 -109  0
-20 -30  0
-20 -40  0
-20 -50  0
-20 -60  0
-20 -70  0
-20 -80  0
-20 -90  0
-20 -100  0
-20 -110  0
-30 -40  0
-30 -50  0
-30 -60  0
-30 -70  0
-30 -80  0
-30 -90  0
-30 -100  0
-30 -110  0
-40 -50  0
-40 -60  0
-40 -70  0
-40 -80  0
-40 -90  0
-40 -100  0
-40 -110  0
-50 -60  0
-50 -70  0
-50 -80  0
-50 -90  0
-50 -100  0
-50 -110  0
-60 -70  0
-60 -80  0
-60 -90  0
-60 -100  0
-60 -110  0
-70 -80  0
-70 -90  0
-70 -100  0
-70 -110  0
-80 -90  0
-80 -100  0
-80 -110  0
-90 -100  0
-90 -110  0
-100 -110  0
-11 -12  0
-11 -13  0
-11 -14  0
-11 -15  0
-11 -16  0
-11 -17  0
-11 -18  0
-11 -19  0
-11 -20  0
-12 -13  0
-12 -14  0
-12 -15  0
-12 -16  0
-12 -17  0
-12 -18  0
-12 -19  0
-12 -20  0
-13 -14  0
-13 -15  0
-13 -16  0
-13 -17  0
-13 -18  0
-13 -19  0
-13 -20  0
-14 -15  0
-14 -16  0
-14 -17  0
-14 -18  0
-14 -19  0
-14 -20  0
-15 -16  0
-15 -17  0
-15 -18  0
-15 -19  0
-15 -20  0
-16 -17  0
-16 -18  0
-16 -19  0
-16 -20  0
-17 -18  0
-17 -19  0
-17 -20  0
-18 -19  0
-18 -20  0
-19 -20  0
-21 -22  0
-21 -23  0
-21 -24  0
-21 -25  0
-21 -26  0
-21 -27  0
-21 -28  0
-21 -29  0
-21 -30  0
-22 -23  0
-22 -24  0
-22 -25  0
-22 -26  0
-22 -27  0
-22 -28  0
-22 -29  0
-22 -30  0
-23 -24  0
-23 -25  0
-23 -26  0
-23 -27  0
-23 -28  0
-23 -29  0
-23 -30  0
-24 -25  0
-24 -26  0
-24 -27  0
-24 -28  0
-24 -29  0
-24 -30  0
-25 -26  0
-25 -27  0
-25 -28  0
-25 -29  0
-25 -30  0
-26 -27  0
-26 -28  0
-26 -29  0
-26 -30  0
-27 -28  0
-27 -29  0
-27 -30  0
-28 -29  0
-28 -30  0
-29 -30  0
-31 -32  0
-31 -33  0
-31 -34  0
-31 -35  0
-31 -36  0
-31 -37  0
-31 -38  0
-31 -39  0
-31 -40  0
-32 -33  0
-32 -34  0
-32 -35  0
-32 -36  0
-32 -37  0
-32 -38  0
-32 -39  0
-32 -40  0
-33 -34  0
-33 -35  0
-33 -36  0
-33 -37  0
-33 -38  0
-33 -39  0
-33 -40  0
-34 -35  0
-34 -36  0
-34 -37  0
-34 -38  0
-34 -39  0
-34 -40  0
-35 -36  0
-35 -37  0
-35 -38  0
-35 -39  0
-35 -40  0
-36 -37  0
-36 -38  0
-36 -39  0
-36 -40  0
-37 -38  0
-37 -39  0
-37 -40  0
-38 -39  0
-38 -40  0
-39 -40  0
-41 -42  0
-41 -43  0
-41 -44  0
-41 -45  0
-41 -46  0
-41 -47  0
-41 -48  0
-41 -49  0
-41 -50  0
-42 -43  0
-42 -44  0
-42 -45  0
-42 -46  0
-42 -47  0
-42 -48  0
-42 -49  0
-42 -50  0
-43 -44  0
-43 -45  0
-43 -46  0
-43 -47  0
-43 -48  0
-43 -49  0
-43 -50  0
-44 -45  0
-44 -46  0
-44 -47  0
-44 -48  0
-44 -49  0
-44 -50  0
-45 -46  0
-45 -47  0
-45 -48  0
-45 -49  0
-45 -50  0
-46 -47  0
-46 -48  0
-46 -49  0
-46 -50  0
-47 -48  0
-47 -49  0
-47 -50  0
-48 -49  0
-48 -50  0
-49 -50  0
-51 -52  0
-51 -53  0
-51 -54  0
-51 -55  0
-51 -56  0
-51 -57  0
-51 -58  0
-51 -59  0
-51 -60  0
-52 -53  0
-52 -54  0
-52 -55  0
-52 -56  0
-52 -57  0
-52 -58  0
-52 -59  0
-52 -60  0
-53 -54  0
-53 -55  0
-53 -56  0
-53 -57  0
-53 -58  0
-53 -59  0
-53 -60  0
-54 -55  0
-54 -56  0
-54 -57  0
-54 -58  0
-54 -59  0
-54 -60  0
-55 -56  0
-55 -57  0
-55 -58  0
-55 -59  0
-55 -60  0
-56 -57  0
-56 -58  0
-56 -59  0
-56 -60  0
-57 -58  0
-57 -59  0
-57 -60  0
-58 -59  0
-58 -60  0
-59 -60  0
-61 -62  0
-61 -63  0
-61 -64  0
-61 -65  0
-61 -66  0
-61 -67  0
-61 -68  0
-61 -69  0
-61 -70  0
-62 -63  0
-62 -64  0
-62 -65  0
-62 -66  0
-62 -67  0
-62 -68  0
-62 -69  0
-62 -70  0
-63 -64  0
-63 -65  0
-63 -66  0
-63 -67  0
-63 -68  0
-63 -69  0
-63 -70  0
-64 -65  0
-64 -66  0
-64 -67  0
-64 -68  0
-64 -69  0
-64 -70  0
-65 -66  0
-65 -67  0
-65 -68  0
-65 -69  0
-65 -70  0
-66 -67  0
-66 -68  0
-66 -69  0
-66 -70  0
-67 -68  0
-67 -69  0
-67 -70  0
-68 -69  0
-68 -70  0
-69 -70  0
-71 -72  0
-71 -73  0
-71 -74  0
-71 -75  0
-71 -76  0
-71 -77  0
-71 -78  0
-71 -79  0
-71 -80  0
-72 -73  0
-72 -74  0
-72 -75  0
-72 -76  0
-72 -77  0
-72 -78  0
-72 -79  0
-72 -80  0
-73 -74  0
-73 -75  0
-73 -76  0
-73 -77  0
-73 -78  0
-73 -79  0
-73 -80  0
-74 -75  0
-74 -76  0
-74 -77  0
-74 -78  0
-74 -79  0
-74 -80  0
-75 -76  0
-75 -77  0
-75 -78  0
-75 -79  0
-75 -80  0
-76 -77  0
-76 -78  0
-76 -79  0
-76 -80  0
-77 -78  0
-77 -79  0
-77 -80  0
-78 -79  0
-78 -80  0
-79 -80  0
-81 -82  0
-81 -83  0
-81 -84  0
-81 -85  0
-81 -86  0
-81 -87  0
-81 -88  0
-81 -89  0
-81 -90  0
-82 -83  0
-82 -84  0
-82 -85  0
-82 -86  0
-82 -87  0
-82 -88  0
-82 -89  0
-82 -90  0
-83 -84  0
-83 -85  0
-83 -86  0
-83 -87  0
-83 -88  0
-83 -89  0
-83 -90  0
-84 -85  0
-84 -86  0
-84 -87  0
-84 -88  0
-84 -89  0
-84 -90  0
-85 -86  0
-85 -87  0
-85 -88  0
-85 -89  0
-85 -90  0
-86 -87  0
-86 -88  0
-86 -89  0
-86 -90  0
-87 -88  0
-87 -89  0
-87 -90  0
-88 -89  0
-88 -90  0
-89 -90  0
-91 -92  0
-91 -93  0
-91 -94  0
-91 -95  0
-91 -96  0
-91 -97  0
-91 -98  0
-91 -99  0
-91 -100  0
-92 -93  0
-92 -94  0
-92 -95  0
-92 -96  0
-92 -97  0
-92 -98  0
-92 -99  0
-92 -100  0
-93 -94  0
-93 -95  0
-93 -96  0
-93 -97  0
-93 -98  0
-93 -99  0
-93 -100  0
-94 -95  0
-94 -96  0
-94 -97  0
-94 -98  0
-94 -99  0
-94 -100  0
-95 -96  0
-95 -97  0
-95 -98  0
-95 -99  0
-95 -100  0
-96 -97  0
-96 -98  0
-96 -99  0
-96 -100  0
-97 -98  0
-97 -99  0
-97 -100  0
-98 -99  0
-98 -100  0
-99 -100  0
-101 -102  0
-101 -103  0
-101 -104  0
-101 -105  0
-101 -106  0
-101 -107  0
-101 -108  0
-101 -109  0
-101 -110  0
-102 -103  0
-102 -104  0
-102 -105  0
-102 -106  0
-102 -107  0
-102 -108  0
-102 -109  0
-102 -110  0
-103 -104  0
-103 -105  0
-103 -106  0
-103 -107  0
-103 -108  0
-103 -109  0
-103 -110  0
-104 -105  0
-104 -106  0
-104 -107  0
-104 -108  0
-104 -109  0
-104 -110  0
-105 -106  0
-105 -107  0
-105 -108  0
-105 -109  0
-105 -110  0
-106 -107  0
-106 -108  0
-106 -109  0
-106 -110  0
-107 -108  0
-107 -109  0
-107 -110  0
-108 -109  0
-108 -110  0
-109 -110  0
-11 -22  0
-11 -33  0
-11 -44  0
-11 -55  0
-11 -66  0
-11 -77  0
-11 -88  0
-11 -99  0
-11 -110  0
-22 -33  0
-22 -44  0
-22 -55  0
-22 -66  0
-22 -77  0
-22 -88  0
-22 -99  0
-22 -110  0
-33 -44  0
-33 -55  0
-33 -66  0
-33 -77  0
-33 -88  0
-33 -99  0
-33 -110  0
-44 -55  0
-44 -66  0
-44 -77  0
-44 -88  0
-44 -99  0
-44 -110  0
-55 -66  0
-55 -77  0
-55 -88  0
-55 -99  0
-55 -110  0
-66 -77  0
-66 -88  0
-66 -99  0
-66 -110  0
-77 -88  0
-77 -99  0
-77 -110  0
-88 -99  0
-88 -110  0
-99 -110  0
-12 -100  0
-21 -109  0
-13 -90  0
-20 -108  0
-14 -80  0
-19 -107  0
-15 -70  0
-18 -106  0
-16 -60  0
-17 -105  0
-17 -50  0
-16 -104  0
-18 -40  0
-15 -103  0
-19 -30  0
-14 -102  0
-109 -910  0
-91 -82 -73 -64 -55 -46 -37 -28 -19  0
-101 -92  0
-101 -83  0
-101 -74  0
-101 -65  0
-101 -56  0
-101 -47  0
-101 -38  0
-101 -29  0
-101 -20  0
-92 -83  0
-92 -74  0
-92 -65  0
-92 -56  0
-92 -47  0
-92 -38  0
-92 -29  0
-92 -20  0
-83 -74  0
-83 -65  0
-83 -56  0
-83 -47  0
-83 -38  0
-83 -29  0
-83 -20  0
-74 -65  0
-74 -56  0
-74 -47  0
-74 -38  0
-74 -29  0
-74 -20  0
-65 -56  0
-65 -47  0
-65 -38  0
-65 -29  0
-65 -20  0
-56 -47  0
-56 -38  0
-56 -29  0
-56 -20  0
-47 -38  0
-47 -29  0
-47 -20  0
-38 -29  0
-38 -20  0
-29 -20  0
11 21 31 41 51 61 71 81 91 101  0
12 22 32 42 52 62 72 82 92 102  0
13 23 33 43 53 63 73 83 93 103  0
14 24 34 44 54 64 74 84 94 104  0
15 25 35 45 55 65 75 85 95 105  0
16 26 36 46 56 66 76 86 96 106  0
17 27 37 47 57 67 77 87 97 107  0
18 28 38 48 58 68 78 88 98 108  0
19 29 39 49 59 69 79 89 99 109  0
20 30 40 50 60 70 80 90 100 110  0
